Rule length
===========
// RuleName (outputClass) => Nb of Premises);
Rules: 25
Rule1 (3.0)  => 2
Rule2 (2.0)  => 4
Rule3 (3.0)  => 4
Rule4 (3.0)  => 4
Rule5 (2.0)  => 4
Rule6 (2.0)  => 5
Rule7 (2.0)  => 5
Rule8 (3.0)  => 5
Rule9 (3.0)  => 4
Rule10 (2.0)  => 3
Rule11 (2.0)  => 2
Rule12 (3.0)  => 3
Rule13 (2.0)  => 3
Rule14 (2.0)  => 3
Rule15 (2.0)  => 3
Rule16 (3.0)  => 4
Rule17 (1.0)  => 4
Rule18 (1.0)  => 5
Rule19 (1.0)  => 5
Rule20 (2.0)  => 5
Rule21 (1.0)  => 3
Rule22 (1.0)  => 2
Rule23 (2.0)  => 2
Rule24 (1.0)  => 2
Rule25 (1.0)  => 2
***********
Simultaneously Fired Rules (Standardized cofiring measure)
==========================================================
1.000 0.485 0.800 0.513 0.468 0.508 0.775 0.500 0.554 0.303 0.000 0.714 0.637 0.229 0.388 0.714 0.524 0.064 0.131 0.104 0.282 0.019 0.000 0.000 0.000 
0.485 1.000 0.655 0.000 0.414 0.666 0.489 0.000 0.282 0.000 0.246 0.694 0.453 0.000 0.374 0.694 0.393 0.000 0.000 0.000 0.158 0.000 0.000 0.000 0.000 
0.800 0.655 1.000 0.548 0.351 0.429 0.720 0.444 0.551 0.000 0.157 0.838 0.532 0.000 0.336 0.838 0.461 0.000 0.000 0.000 0.272 0.000 0.000 0.000 0.000 
0.513 0.000 0.548 1.000 0.091 0.000 0.360 0.821 0.498 0.000 0.000 0.444 0.278 0.000 0.116 0.444 0.241 0.000 0.000 0.000 0.236 0.000 0.000 0.000 0.000 
0.468 0.414 0.351 0.091 1.000 0.771 0.700 0.156 0.000 0.591 0.429 0.379 0.665 0.447 0.780 0.379 0.497 0.113 0.233 0.164 0.000 0.000 0.000 0.000 0.000 
0.508 0.666 0.429 0.000 0.771 1.000 0.765 0.000 0.297 0.582 0.478 0.457 0.660 0.387 0.593 0.457 0.552 0.137 0.238 0.148 0.173 0.062 0.000 0.000 0.000 
0.775 0.489 0.720 0.360 0.700 0.765 1.000 0.443 0.538 0.507 0.338 0.611 0.739 0.337 0.558 0.611 0.632 0.119 0.220 0.162 0.264 0.054 0.000 0.000 0.000 
0.500 0.000 0.444 0.821 0.156 0.000 0.443 1.000 0.511 0.087 0.000 0.395 0.352 0.066 0.149 0.395 0.305 0.032 0.052 0.069 0.242 0.000 0.000 0.000 0.000 
0.554 0.282 0.551 0.498 0.000 0.297 0.538 0.511 1.000 0.105 0.090 0.467 0.356 0.027 0.000 0.467 0.355 0.052 0.063 0.056 0.500 0.062 0.000 0.000 0.000 
0.303 0.000 0.000 0.000 0.591 0.582 0.507 0.087 0.105 1.000 0.321 0.000 0.453 0.675 0.369 0.000 0.314 0.262 0.431 0.285 0.066 0.031 0.000 0.000 0.000 
0.000 0.246 0.157 0.000 0.429 0.478 0.338 0.000 0.090 0.321 1.000 0.193 0.348 0.243 0.379 0.193 0.282 0.135 0.138 0.073 0.057 0.040 0.000 0.000 0.000 
0.714 0.694 0.838 0.444 0.379 0.457 0.611 0.395 0.467 0.000 0.193 1.000 0.647 0.000 0.397 1.000 0.561 0.000 0.000 0.000 0.310 0.000 0.000 0.000 0.000 
0.637 0.453 0.532 0.278 0.665 0.660 0.739 0.352 0.356 0.453 0.348 0.647 1.000 0.670 0.711 0.647 0.795 0.239 0.437 0.289 0.325 0.000 0.196 0.176 0.071 
0.229 0.000 0.000 0.000 0.447 0.387 0.337 0.066 0.027 0.675 0.243 0.000 0.670 1.000 0.484 0.000 0.475 0.357 0.651 0.431 0.167 0.000 0.233 0.238 0.106 
0.388 0.374 0.336 0.116 0.780 0.593 0.558 0.149 0.000 0.369 0.379 0.397 0.711 0.484 1.000 0.397 0.616 0.162 0.371 0.236 0.000 0.000 0.266 0.108 0.000 
0.714 0.694 0.838 0.444 0.379 0.457 0.611 0.395 0.467 0.000 0.193 1.000 0.647 0.000 0.397 1.000 0.561 0.000 0.000 0.000 0.310 0.000 0.000 0.000 0.000 
0.524 0.393 0.461 0.241 0.497 0.552 0.632 0.305 0.355 0.314 0.282 0.561 0.795 0.475 0.616 0.561 1.000 0.576 0.710 0.275 0.661 0.457 0.170 0.457 0.386 
0.064 0.000 0.000 0.000 0.113 0.137 0.119 0.032 0.052 0.262 0.135 0.000 0.239 0.357 0.162 0.000 0.576 1.000 0.806 0.000 0.617 0.601 0.113 0.601 0.541 
0.131 0.000 0.000 0.000 0.233 0.238 0.220 0.052 0.063 0.431 0.138 0.000 0.437 0.651 0.371 0.000 0.710 0.806 1.000 0.344 0.600 0.513 0.186 0.570 0.487 
0.104 0.000 0.000 0.000 0.164 0.148 0.162 0.069 0.056 0.285 0.073 0.000 0.289 0.431 0.236 0.000 0.275 0.000 0.344 1.000 0.071 0.000 0.123 0.050 0.000 
0.282 0.158 0.272 0.236 0.000 0.173 0.264 0.242 0.500 0.066 0.057 0.310 0.325 0.167 0.000 0.310 0.661 0.617 0.600 0.071 1.000 0.644 0.000 0.507 0.609 
0.019 0.000 0.000 0.000 0.000 0.062 0.054 0.000 0.062 0.031 0.040 0.000 0.000 0.000 0.000 0.000 0.457 0.601 0.513 0.000 0.644 1.000 0.000 0.528 0.588 
0.000 0.000 0.000 0.000 0.000 0.000 0.000 0.000 0.000 0.000 0.000 0.000 0.196 0.233 0.266 0.000 0.170 0.113 0.186 0.123 0.000 0.000 1.000 0.408 0.000 
0.000 0.000 0.000 0.000 0.000 0.000 0.000 0.000 0.000 0.000 0.000 0.000 0.176 0.238 0.108 0.000 0.457 0.601 0.570 0.050 0.507 0.528 0.408 1.000 0.836 
0.000 0.000 0.000 0.000 0.000 0.000 0.000 0.000 0.000 0.000 0.000 0.000 0.071 0.106 0.000 0.000 0.386 0.541 0.487 0.000 0.609 0.588 0.000 0.836 1.000 
**********************************************************
CI(S)=0