Rule length
===========
// RuleName (outputClass) => Nb of Premises);
Rules: 11
Rule2 (2.0)  => 3
Rule3 (2.0)  => 3
Rule4 (2.0)  => 2
Rule5 (2.0)  => 2
Rule6 (2.0)  => 2
Rule7 (1.0)  => 3
Rule8 (1.0)  => 2
Rule9 (1.0)  => 3
Rule10 (1.0)  => 3
Rule11 (3.0)  => 2
Rule12 (3.0)  => 1
***********
Simultaneously Fired Rules (Standardized cofiring measure)
==========================================================
1.000 0.000 0.000 0.000 0.000 0.113 0.000 0.183 0.204 0.000 0.000 
0.000 1.000 0.816 0.506 0.930 0.026 0.000 0.042 0.047 0.030 0.000 
0.000 0.816 1.000 0.493 0.769 0.000 0.000 0.000 0.046 0.115 0.000 
0.000 0.506 0.493 1.000 0.528 0.000 0.000 0.000 0.000 0.104 0.132 
0.000 0.930 0.769 0.528 1.000 0.055 0.000 0.044 0.050 0.031 0.000 
0.113 0.026 0.000 0.000 0.055 1.000 0.748 0.579 0.462 0.000 0.000 
0.000 0.000 0.000 0.000 0.000 0.748 1.000 0.417 0.000 0.000 0.000 
0.183 0.042 0.000 0.000 0.044 0.579 0.417 1.000 0.373 0.000 0.000 
0.204 0.047 0.046 0.000 0.050 0.462 0.000 0.373 1.000 0.052 0.000 
0.000 0.030 0.115 0.104 0.031 0.000 0.000 0.000 0.052 1.000 0.708 
0.000 0.000 0.000 0.132 0.000 0.000 0.000 0.000 0.000 0.708 1.000 
**********************************************************
CI(S)=0.633