*vertices 11
1 "1" ellipse x_fact 1.22866290766363 y_fact 1.22866290766363 fos 3.5 bw 0.0 ic Emerald
2 "2" ellipse x_fact 1.22866290766363 y_fact 1.22866290766363 fos 3.5 bw 0.0 ic Emerald
3 "3" ellipse x_fact 1.22866290766363 y_fact 1.22866290766363 fos 3.5 bw 0.0 ic Emerald
4 "4" ellipse x_fact 1.22866290766363 y_fact 1.22866290766363 fos 3.5 bw 0.0 ic Emerald
5 "5" ellipse x_fact 1.22866290766363 y_fact 1.22866290766363 fos 3.5 bw 0.0 ic Emerald
6 "6" ellipse x_fact 1.22866290766363 y_fact 1.22866290766363 fos 3.5 bw 0.0 ic Emerald
7 "7" ellipse x_fact 1.22866290766363 y_fact 1.22866290766363 fos 3.5 bw 0.0 ic Emerald
8 "8" ellipse x_fact 1.22866290766363 y_fact 1.22866290766363 fos 3.5 bw 0.0 ic Emerald
9 "9" ellipse x_fact 1.22866290766363 y_fact 1.22866290766363 fos 3.5 bw 0.0 ic Emerald
10 "10" ellipse x_fact 1.22866290766363 y_fact 1.22866290766363 fos 3.5 bw 0.0 ic Emerald
11 "11" ellipse x_fact 1.22866290766363 y_fact 1.22866290766363 fos 3.5 bw 0.0 ic Emerald
*matrix
0 0 0 0 0 0.11322770930976381 0.0 0.18257417898720898 0.20412413780349342 0.0 0.0 
0 0 0 0 0 0.026324906693317208 0.0 0.042447637135399806 0.04745789836807353 0.029526928690975906 0.0 
0 0 0 0 0 0.0 0.0 0.0 0.04622501473274224 0.11503946714201896 0.0 
0 0 0 0 0 0.0 0.0 0.0 0.0 0.10369517022872465 0.1320196701975959 
0 0 0 0 0 0.05492350237057483 0.0 0.04428074448758413 0.04950737944068129 0.030802054990005993 0.0 
0.11322770930976381 0.026324906693317208 0.0 0.0 0.05492350237057483 0 0 0 0 0.0 0.0 
0.0 0.0 0.0 0.0 0.0 0 0 0 0 0.0 0.0 
0.18257417898720898 0.042447637135399806 0.0 0.0 0.04428074448758413 0 0 0 0 0.0 0.0 
0.20412413780349342 0.04745789836807353 0.04622501473274224 0.0 0.04950737944068129 0 0 0 0 0.0518475834052686 0.0 
0.0 0.029526928690975906 0.11503946714201896 0.10369517022872465 0.030802054990005993 0.0 0.0 0.0 0.0518475834052686 0 0 
0.0 0.0 0.0 0.1320196701975959 0.0 0.0 0.0 0.0 0.0 0 0 
